      0/49    0.606G      2.69      1.06     0.288      4.04         2       512         0         0         0         0      2.74     0.489     0.311
      1/49    0.765G      2.78     0.912     0.266      3.96         1       512         0         0         0         0      2.74     0.488     0.311
      2/49    0.765G      2.79      1.26     0.303      4.35         4       512         0         0         0         0      2.74     0.486     0.311
      3/49    0.765G      2.73      1.07     0.315      4.12         3       512         0         0         0         0      2.51     0.475     0.298
      4/49    0.765G       2.5     0.971     0.309      3.78         3       512         0         0         0         0      2.51     0.473     0.298
      5/49    0.765G       2.4      1.01     0.283      3.69         2       512         0         0         0         0      2.51     0.472     0.298
      6/49     0.77G      3.22      1.94      0.27      5.43         4       320         0         0   0.00161         0      2.54     0.481     0.311
      7/49     0.77G      2.82      2.51     0.286      5.61         3       320         0         0   0.00161         0      2.54      0.48     0.311
      8/49     0.77G       2.6      2.39     0.325      5.31         2       320         0         0   0.00161         0      2.54     0.478     0.311
      9/49     0.77G      2.73     0.895     0.322      3.94         2       448         0         0   0.00543         0      2.21     0.426     0.315
     10/49     0.77G      2.47      1.07     0.266       3.8         3       448         0         0   0.00543         0      2.21     0.425     0.315
     11/49     0.77G      2.33      1.17     0.297       3.8         2       448         0         0   0.00543         0      2.21     0.424     0.315
     12/49    0.933G      2.84      0.96     0.239      4.03         4       576         0         0    0.0177         0      3.25     0.374     0.304
     13/49    0.933G      2.48     0.812     0.275      3.57         3       576         0         0    0.0177         0      3.25     0.373     0.304
     14/49    0.933G      2.44      0.71     0.263      3.41         1       576         0         0    0.0177         0      3.25     0.372     0.304
     15/49    0.933G      2.44      0.65     0.289      3.38         4       512         0         0    0.0474         0      2.94     0.344     0.285
     16/49    0.933G      2.29     0.639     0.274       3.2         2       512         0         0    0.0474         0      2.94     0.343     0.285
     17/49    0.933G      2.32     0.847     0.267      3.43         3       512         0         0    0.0474         0      2.94     0.342     0.285
     18/49    0.933G      2.62     0.718     0.258      3.59         2       512     0.104    0.0297     0.102    0.0462      2.38     0.325     0.271
     19/49    0.933G       2.4     0.717     0.226      3.34         2       512     0.104    0.0297     0.102    0.0462      2.38     0.325     0.271
     20/49    0.933G      2.57     0.746     0.299      3.61         2       512     0.104    0.0297     0.102    0.0462      2.38     0.324     0.271
     21/49    0.933G      2.67       0.9     0.268      3.84         1       448         0         0    0.0814         0      2.97     0.298     0.258
     22/49    0.933G      2.74      1.09     0.258      4.09         4       448         0         0    0.0814         0      2.97     0.298     0.258
     23/49    0.933G      2.81     0.833     0.253       3.9         3       448         0         0    0.0814         0      2.97     0.297     0.258
     24/49    0.933G      2.39     0.813     0.227      3.44         2       512    0.0983    0.0476     0.146    0.0642      2.32     0.286     0.241
     25/49    0.933G      2.52     0.968     0.255      3.74         2       512    0.0983    0.0476     0.146    0.0642      2.32     0.286     0.241
     26/49    0.933G      2.19     0.671     0.249      3.11         1       512    0.0983    0.0476     0.146    0.0642      2.32     0.285     0.241
     27/49    0.933G      2.05     0.657     0.256      2.96         2       448    0.0844    0.0476      0.13    0.0609      2.36     0.271     0.229
     28/49    0.933G      2.03     0.861     0.272      3.17         3       448    0.0844    0.0476      0.13    0.0609      2.36      0.27     0.229
     29/49    0.933G      2.05      0.65     0.256      2.96         3       448    0.0844    0.0476      0.13    0.0609      2.36      0.27     0.229
     30/49    0.933G      2.04     0.477     0.239      2.76         2       576     0.128     0.143     0.177     0.135      2.21     0.257     0.217
     31/49    0.933G      2.01     0.584     0.209       2.8         2       576     0.128     0.143     0.177     0.135      2.21     0.257     0.217
     32/49    0.933G      2.14     0.556     0.182      2.88         3       576     0.128     0.143     0.177     0.135      2.21     0.256     0.217
     33/49    0.933G      2.34     0.868     0.252      3.46         3       384      0.13      0.19     0.214     0.154      2.19      0.26     0.198
     34/49    0.933G      2.55     0.935     0.225      3.71         4       384      0.13      0.19     0.214     0.154      2.19     0.259     0.198
     35/49    0.933G      2.57      1.22     0.219      4.01         3       384      0.13      0.19     0.214     0.154      2.19     0.259     0.198
     36/49    0.933G      2.09     0.666     0.179      2.93         3       576     0.449     0.185     0.286     0.202      1.87     0.243       0.2
     37/49    0.933G      2.42      0.46     0.206      3.09         4       576     0.449     0.185     0.286     0.202      1.87     0.243       0.2
     38/49    0.933G      1.93     0.616      0.19      2.74         3       576     0.449     0.185     0.286     0.202      1.87     0.242       0.2
     39/49    0.933G      2.21      1.01      0.21      3.44         2       384     0.467     0.232     0.332     0.231      1.91     0.248     0.189
     40/49    0.933G      1.93     0.629     0.212      2.77         2       384     0.467     0.232     0.332     0.231      1.91     0.248     0.189
     41/49    0.933G      2.13     0.758     0.217      3.11         3       384     0.467     0.232     0.332     0.231      1.91     0.247     0.189
     42/49    0.933G      1.95     0.832     0.206      2.99         3       448     0.462     0.193     0.402     0.213      1.76     0.238     0.191
     43/49    0.933G      1.75     0.691     0.215      2.65         1       448     0.462     0.193     0.402     0.213      1.76     0.237     0.191
     44/49    0.933G      1.85     0.595     0.241      2.69         3       448     0.462     0.193     0.402     0.213      1.76     0.237     0.191
     45/49    0.627G       1.7     0.638     0.181      2.52         2       512     0.467     0.232     0.395     0.231      1.79     0.235     0.189
     46/49    0.786G      1.74     0.552     0.219      2.51         1       512     0.467     0.232     0.395     0.231      1.79     0.235     0.189
     47/49    0.786G      1.91     0.711     0.197      2.81         4       512     0.467     0.232     0.395     0.231      1.79     0.235     0.189
     48/49    0.786G      1.82     0.619       0.2      2.64         3       512     0.551     0.263     0.388      0.28      1.74      0.24     0.181
     49/49    0.786G      1.75     0.528     0.226      2.51         3       512     0.551     0.263     0.388      0.28      1.74     0.239     0.181
     50/59    0.858G      1.84     0.462     0.172      2.47         2       640     0.551     0.263     0.388      0.28      1.74     0.239     0.181
     51/59    0.866G      1.51     0.543     0.212      2.26         1       512     0.467     0.232     0.323     0.231      1.73     0.242      0.18
     52/59    0.866G      1.69     0.699     0.199      2.59         4       512     0.467     0.232     0.323     0.231      1.73     0.242      0.18
     53/59    0.866G      1.75     0.602     0.193      2.55         3       512     0.467     0.232     0.323     0.231      1.73     0.242      0.18
     54/59    0.866G      1.69     0.535     0.223      2.45         3       512     0.577     0.273     0.353     0.295      1.88     0.241     0.175
     55/59    0.866G       1.6     0.518     0.197      2.31         2       512     0.577     0.273     0.353     0.295      1.88     0.241     0.175
     56/59    0.866G      1.78     0.477     0.156      2.41         4       512     0.577     0.273     0.353     0.295      1.88     0.241     0.175
     57/59    0.868G      2.15      1.41       0.2      3.76         3       320     0.603     0.299     0.373     0.313      1.88     0.237     0.171
     58/59    0.868G      2.12       1.4     0.254      3.77         2       320     0.603     0.299     0.373     0.313      1.88     0.237     0.171
     59/59    0.868G      2.15      1.15      0.22      3.52         2       320     0.603     0.299     0.373     0.313      1.88     0.236     0.171
     60/99    0.468G      4.96      2.34      2.02      9.32         3       512         0         0   0.00213         0      4.31      1.87      1.86
     61/99    0.709G      5.52       2.3      2.07      9.89         3       512         0         0   0.00213         0      4.31      1.87      1.86
     62/99    0.709G       4.8      2.32      1.92      9.04         3       512         0         0   0.00213         0      4.31      1.87      1.86
     63/99    0.709G      5.02      2.13      1.93      9.09         1       512         0         0  0.000245         0       4.3      1.84      1.86
     64/99    0.709G      4.77      2.34      1.89         9         3       512         0         0  0.000245         0       4.3      1.84      1.86
     65/99    0.709G      4.22      2.19      1.86      8.27         2       512         0         0  0.000245         0       4.3      1.83      1.86
     66/99    0.709G      4.91      2.64      1.82      9.37         2       320         0         0  7.32e-05         0      4.34      1.81      1.86
     67/99    0.709G      4.64       3.3      1.88      9.82         3       320         0         0  7.32e-05         0      4.34       1.8      1.86
     68/99    0.709G      4.91      2.68      1.88      9.47         4       320         0         0  7.32e-05         0      4.34       1.8      1.86
     69/99    0.709G      4.59      2.52      1.86      8.97         4       448         0         0  2.13e-05         0      4.47      1.78      1.86
     70/99    0.709G      4.12      2.44       1.9      8.46         2       448         0         0  2.13e-05         0      4.47      1.78      1.86
     71/99    0.709G      4.05      2.38       1.8      8.24         2       448         0         0  2.13e-05         0      4.47      1.77      1.86
     72/99    0.902G       4.2      2.22      1.87      8.29         3       576         0         0  2.39e-05         0      4.61      1.77      1.86
     73/99    0.902G      3.82       2.1      1.86      7.78         1       576         0         0  2.39e-05         0      4.61      1.76      1.86
     74/99    0.902G      4.37      2.24      1.91      8.52         4       576         0         0  2.39e-05         0      4.61      1.76      1.86
     75/99    0.902G      3.79      2.19      1.84      7.83         3       512         0         0  9.31e-05         0      4.49      1.76      1.86
     76/99    0.902G      4.14      2.12       1.9      8.16         4       512         0         0  9.31e-05         0      4.49      1.76      1.86
     77/99    0.902G      4.21       2.2      1.91      8.32         3       512         0         0  9.31e-05         0      4.49      1.76      1.86
     78/99    0.902G      4.38      2.23      1.82      8.43         4       512         0         0  0.000716         0      4.25      1.77      1.86
     79/99    0.902G      3.98      2.16      1.84      7.97         1       512         0         0  0.000716         0      4.25      1.77      1.86
     80/99    0.902G       3.9      2.21      1.82      7.92         3       512         0         0  0.000716         0      4.25      1.76      1.86
     81/99    0.902G      4.04      2.43      1.85      8.32         3       448         0         0  0.000484         0      4.09      1.77      1.85
     82/99    0.902G      3.82      2.42      1.86       8.1         2       448         0         0  0.000484         0      4.09      1.76      1.85
     83/99    0.902G      4.11      2.22      1.81      8.14         2       448         0         0  0.000484         0      4.09      1.76      1.85
     84/99    0.902G      3.65      2.02      1.63       7.3         0       512         0         0  0.000798         0      3.97      1.76      1.84
     85/99    0.902G      4.03       2.2      1.84      8.06         4       512         0         0  0.000798         0      3.97      1.76      1.84
     86/99    0.902G      3.54      1.98      1.77      7.29         3       512         0         0  0.000798         0      3.97      1.76      1.84
     87/99    0.902G      3.62      2.26      1.87      7.74         2       448         0         0   0.00113         0      3.86      1.76      1.83
     88/99    0.902G      3.52      2.25      1.82      7.59         2       448         0         0   0.00113         0      3.86      1.76      1.83
     89/99    0.902G      3.78      2.23      1.81      7.82         3       448         0         0   0.00113         0      3.86      1.76      1.83
     90/99    0.902G       3.2      2.04      1.83      7.08         2       576         0         0   0.00126         0      3.82      1.76      1.82
     91/99    0.904G      3.53      2.01      1.87       7.4         3       576         0         0   0.00126         0      3.82      1.76      1.82
     92/99    0.904G      3.93       2.1      1.84      7.87         3       576         0         0   0.00126         0      3.82      1.75      1.82
     93/99    0.904G      3.83      2.24      1.82      7.88         2       384         0         0   0.00195         0      3.81      1.75      1.82
     94/99    0.904G      4.06      2.34      1.85      8.25         2       384         0         0   0.00195         0      3.81      1.75      1.82
     95/99    0.904G      3.87      2.53      1.83      8.22         4       384         0         0   0.00195         0      3.81      1.74      1.82
     96/99    0.904G      3.55      2.07      1.88      7.49         2       576         0         0   0.00207         0      3.76      1.73      1.82
     97/99    0.904G      3.71      1.99      1.84      7.54         2       576         0         0   0.00207         0      3.76      1.73      1.82
     98/99    0.904G      3.64      1.89      1.88      7.41         1       576         0         0   0.00207         0      3.76      1.73      1.82
     99/99    0.904G      3.61      2.18      1.82      7.61         2       384         0         0   0.00296         0      3.74      1.74      1.82
